T1: 22752 21730 71053 85123A 84406B 84029G 84029E
T2: 22632 22633
T3: 22310 84969 48187 84879 21777 22745 21754 21755 22748 22749 22622 22623
T4: 22960 22913 22914 22912
T5: 21756
T6: 22659 22661 22540 22544 10002 21913 21791 21035 22326 22726 22727 22728 22492 21724 21731 22629 22631 22900 21883 POST
T7: 22086
T8: 22632 22633
T9: 22752 21730 20679 21068 71053 85123A 21871 21071 82482 82483 82486 84406B 37370 84029G 82494L 84029E
T10: 21258
T11: 22752 21730 20679 21068 71053 85123A 21871 21071 82482 82483 82486 84406B 37370 84029G 82494L 84029E
T12: 22114 21733
T13: 22632 22633
T14: 84997B 21033 21929 21931 21559 85099C 85183B 85071B 84519A 22352 21975 21977 21212 21094 22386 20723 84997C 20725 84991
T15: 22961
T16: 82567 22411 21523 21533 22176 22438 84971S 21672 21934 21166 21169 15056N 21557 21175 22719 22083 22086 37444C 37444A 47580 84832 21731 71270 15056BL 22637 22771 22644 22261 84854 22774 22262 22646 22778 22139
T17: 22726 21832 22411 22379 22381 22798 22926 10002 22838 22839 21912 22783
T18: 22464 22469 22470 22428 21324 22189 22224 84755 82484 22424 22457 22427 21340
T19: 22662 22663 22960 22961 85049A 22168 22783
T20: 84880 85099B 85099C
T21: 22466 21731 79321 22779 22780
T22: 22464 22242 21411 22915 22469 22922 22923 22318 21523 21363 22969 21754 21755 21115
T23: 35004G 35004C 22726 22727 85014A 22191 22192 22193 22195 22196 21622 85014B 22941 21791
T24: 85123A 21786 21533 22941 22174 22960 22961 22962 22963 22197 22198 22968 22969 85099B 84030E 20668 84029G 22910 21080 21086 21094 21485 84970S 22654
T25: 21889 22338 21891 22150 22502 22827 22127 22128 84879 22619
T26: 22180
T27: 85152 21506 22632 22633 21485 22349 85123A 22865 22866 22652 22558
T28: 21314 22114 22726 22727 22729 22730 22188 21484 84879 22866 22867 21977 21212 84991
T29: 22752 21730 20679 15056BL 21068 71053 85123A 21871 21071 82482 82483 22803 82486 84406B 37370 84029G 82494L 84029E
T30: 35004B 35004C
T31: 22752 22112 22114 22468 21479 22632 22637 21232 22865 22866 22064 21844 22449 22835 48185 21980 22111
T32: 22632 22633
T33: 22969
T34: 20992 48129 21122 84509A 47570B 22662 84744 22413 85123A 20749 82578 21907 82580 22549 82581 22804 22809 22810 22428 85150 84625C 22435 22441 21033 84625A 22961 21169 22451 84510A 22068 82483 84030E 22848 22851 85049E 22467 22473 21328 22098 84709B 22100 20820 21587 21463 21464 21592 22110 20961 20963 22117 20966 22502 22766 22767 22768 21743 21744 22382 22384 20725 20726 21108 17091A 84991
T35: 22910 22837 22086
T36: 22867 POST
T37: 84992 21125 21126 85049D 22417 22805 22296 22297 84378 84380 85049G 22964 22197 85049E 22469 85049C 21061 21063 21062 21975 21212 21213 22383 22771 22772 22773 20727 20728
T38: 20914
T39: 22752 21730 20679 21068 71053 85123A 21871 21071 82482 82483 22803 82486 84406B 37370 84029G 82494L 84029E
T40: 22632 22633
T41: 22914 22533 22537 84879 22418 84375 22553 21914 21915 22812 22813 22178 21544 85014A 22706 84347 22964 22714 22716 84029E 22465 48194 84970L 21832 21705 22219 20685 22736 22610 21587 84949 22488 21210 22619 85014B 21212 22492 22620 22114 22371 21733 21479 16237 22766 20982 21754 21755 84997B
T42: 21116 22785 22531 22664 22153 84625C 22183 22568 84906 21931 90129F 21676 21678 84625A 85099F 21811 22197 90210B 22198 22074 22075 22972 20669 20668 22975 21824 21823 85099B 21955 90199C 21065 21326 22866 72802C 22109 21980 22111 22112 85169B 20966 21479 21609 21866 21867 20713 22633 16238 20717 20723 22900 85116
T43: 22144 22273 22274 21244 22662 20750 85184C 22940 22179 22141 22568 22569 21034 22570 22961 22837 22326 22327 22328 22968 22197 22077 85049E 22468 22086 21448 21706 21708 22988 21710 21711 22749 22751 20728 22242 22243 21731 22629 22630 22759 21738 21739 22382 22383 22900 20725 22902 20727 21880 21242 21243 22652 21245 22271
T44: 22139
T45: 22529 22530 22147 22531 22149 22534 35591T 22551 22807 22554 22940 22941 21790 21791 22942 21916 22557 22565 22694 22695 22952 22951 22186 22566 22961 22321 22834 22580 22837 22587 22593 22594 22595 22469 22470 22086 22472 85049H 22736 22865 22738 22739 22867 22616 21976 21977 21212 22749 22750 22367 21986 22632 22130 22899 22900 22775 84032B 22909 22910
T46: 22767 22768 21494 22938 21915 82494L
T47: 21889 21890 21891 21892 22113 22115 21715 21716 22357 21718 22358 22969 22110 22111
T48: 22113 21479 22632 21481 21485 22111 22837 22619 84029E
T49: 21411 22961 79321 22637 22508 22511 22768 22449 22829 22451 21556 22837 22646 22644 22645 22585 22650
T50: 21154 84678 22059 22188 22189 17021
T51: 22144 21890 21891 22152 16014 16016 84754 21651 10133 22294 84625C 21156 20773 20774 20777 85172 22480 21586 21587 21591 22618 22619 22620 85169B 84836 72800E 84347 22142
T52: 84992 21121 21257 21259 21484 22925 22670 84879 84849B 22927 21586 22926 21485 21977
T53: 82552
T54: 21121 20866 21122 21124 22663 85231B 21260 10125 20878 84879 85231G 90059B 90200D 22294 22295 22297 90200B 22810 22812 22813 22809 22557 22558 22945 16258A 90200C 22952 22441 22312 22956 22573 22960 22577 22197 21814 21815 21816 22582 85099B 22585 85099C 22333 22082 22086 22603 22988 22731 22735 21584 22737 22866 21329 21328 21327 22742 22744 21977 22619 21980 90200A 21212 90059E 21985 22500 48173C 85095 21992 22759 21738 22386 72818 90185C 22910 90059C
T55: 22960 22961
T56: 22593 21314 22595 22632 22633 22571 22411 21137 20977 20979 22423 22041 22619 84029E
T57: 22144 22149 21894 21895 22150 20878 47563A 84558A 22940 21034 22960 22961 84347 22713 22082 22468 21190 22087 21577 22738 22867 21592 70007 22372 22376 21621 21367 21370 22651 22909 22910
T58: 22113 22630 46000M 22983 22024 21035 22895 21488 22900 21622 22616 21754 21755 22712 84029E
T59: 22784 21441 85123A 84879 22423
T60: 84947 21326
T61: 22633 22865 22866 22485 22807
T62: 21890 21123 22916 22917 22918 22151 22919 22920 22921 22152 21124 22926 22670 85123A 20754 22551 22553 22938 84378 22812 22557 21122 21794 20772 22441 21034 22955 21292 21804 22956 22575 21930 21427 22197 22582 21175 22583 22588 22469 22470 22604 22092 21584 22096 22099 21588 22100 22107 84985A 22241 22754 20707 21985 84596E 22501 22632 22633 22760 21867 71406C 21486 21358 22642 22643 21111 22904 22905 22906 22653
T63: 22854
T64: 21121 21122 21124 22151 85231B 85231G 22941 21664 22566 22569 21931 85014A 21041 21810 22449 20914 85099B 85035B 22338 84968C 21190 84997D 21192 21197 21326 72800B 84563A 22865 22866 22739 22481 22107 47599A 22749 47504H 84836 22632 84969 21098 20972 21742 84997C 22776 37370 22907 47599B
T65: 22468 22149 22217 21259 22699 21485 22219 22111 22227 22294 22969 22943
T66: 22697 21106 21107 21111
T67: 21826 17164B 22149 15044B 21324 20973 20974 20750 22548 22423 22428 22429 21791
T68: 22624 22625 22626 22113 21929 22411 21135 85099B 22173
T69: 22242 22243 22244 20712 20713 22969 84945 POST 22837 84569B 22549 22809 84347 47421 22973
T70: 22411 22423 22938 22812 22813 22815 85114B 22568 22570 22445 22960 85049A 22961 22963 22453 22454 22839 22584 22585 22326 22968 22077 22974 22082 85049E 21452 22607 22865 21587 22867 22743 22616 22744 85114C 84985A 21731 21992 22634 22635 22128 22130 22900 22910 22911
T71: 22947 22627 21258 22187 22222 21743 22164 72598 22487
T72: 22411 21654 22423 21657 21658 22941 21662 22943 21664 22185 22699 21038 21179 21071 22097 22360 22364 22120 85104 82552 21625 22783
T73: 21506 21519 22688 22049 22819 22191 22704 15056N 22194 22192 22193 22726 20679 22727 22086 22730 21333 15056BL 22768 21497 21498 22910
T74: 84992 22530 22531 21506 22534 22665 22666 22539 22540 22667 21260 22543 22544 21520 22547 22551 84375 22553 22554 22555 22556 22557 22814 21786 22558 22561 85150 85152 21156 22567 82600 22315 22444 22956 21166 22961 22962 22963 22197 22966 22198 22842 22716 22092 20685 22094 21967 22095 22865 22866 84050 84692 22614 22615 21080 22489 21977 21980 21981 21982 21983 21984 21213 22114 21212 22494 21733 22632 21870 21873 21874 22899 84991
T75: 22825 22797 20754 21843 22740 22680
T76: 22112 22865 22866 22867 22834
T77: 48194 21156 22118 22119 22311 22121 22219 21485 20685 22418 21523 22943
T78: 72817 21485 84879
T79: 20867 22277 22183 22798 22800 22801 22423 21688 22781 22333 21694
T80: 48129 22791 21523 21524 21143 22173 85199S 22573 22574 85199L 22195 22583 22584 22457 21690 22469 22086 22470 22088 22601 22600 22603 84944 84949 21466 21467 21469 37343 22752 21471 22910
T81: 48129 48138 22423 22807 22554 22171 85019C 22557 22173 72741 20902 85019A 21429 82486 22326 48184 22969 84030E 85067 22867 22114 22632 21481 22379 21743 37495 21625
T82: 21889 22147 85136C 21891 22150 85136A 85071C 22968 21055 21056 85071A 21576 21833 21579 C2 22355 22492 22493 22622 85135B
T83: 21915
T84: 85099C 20711 20712 21928 21930 22379 22411 85099F 22382 22383 21931 20713 22386 85123A 20727 85099B
T85: 22530 22531 90116 85231B 22539 22540 22545 22548 22549 22550 22553 22555 22558 22560 22569 35095B 22571 22573 22574 22580 22582 22583 90161A 22588 22589 22595 22600 22601 22603 22605 84050 90194 22614 22616 22620 22625 90120C 22629 22632 22633 22635 22639 84086C 22644 22645 22646 22651 22654 22662 22664 22665 22666 22669 20622 22675 22694 22695 22697 22699 20658 20662 20668 20669 22719 20676 22727 22728 22729 22730 20684 72799E 22734 20685 22737 22738 22739 22740 22741 22744 22745 22748 22755 22757 22758 22759 22760 85135B 20719 22769 20724 20725 84032B 85017B 20733 84029G 84535B 20735 22791 22792 22798 47559B 22812 22813 72799F 22816 22818 20770 20772 22822 35818P 22835 22837 35610A 22844 22845 22847 84029E 22862 17012F 22865 22866 22867 22876 20835 20839 20840 22899 22900 20854 70007 82613C 20856 22906 84347 22909 22910 20867 22916 22917 22918 22919 22920 22921 85129D 79030D 22928 84375 84378 22940 84380 22945 22948 22949 20902 22951 22952 22956 22960 22961 22962 22963 20914 22966 22968 22969 22972 22974 22975 22976 85135C 22988 47580 20956 20961 20963 20966 20969 20971 20972 20973 20975 20981 37370 20992 20996 21000 21012 85199S 21035 17012C 21041 35095A 85099B 37449 21068 21069 72807B 21070 21071 85132A 21080 85186A 85014B 37476 84580 84581 21098 17003 21107 21108 84598 82551 21115 21116 21121 82578 82580 82583 21147 21154 21158 90190C 21165 21166 21169 21174 21175 90214D 35471D 21189 21191 21195 84692 21207 21210 21212 21213 21216 21217 21218 21231 21232 21238 11001 21249 85039A 21258 90003C 21262 35598D 21313 21314 85049E 21327 21328 84832 21349 21352 21354 21365 21366 21369 21372 84536A 21385 72586 21407 84031B 21408 21429 84923 84946 84949 21479 21484 21486 21488 84988 84991 72807C 84992 21507 21523 90018A 85015 85016 85114B 35599D 85131B 21559 85048 17012B 21563 48188 21564 85064 21577 72816 72817 35957 35961 85116 21634 35971 72807A 85127 21641 85123A 21658 21662 85152 85049G 21679 90129A 85176 85177 85178 21703 21704 21706 21716 21721 21722 21731 47591B 21742 21758 47591D 21773 21774 21786 21787 21790 21791 21801 21802 21803 21809 21810 21811 21821 21822 21823 17011F 85049H 90214H 21844 21851 85017A 21870 21871 21874 21879 21884 21888 21889 21892 21894 71053 90214G 21911 21912 21913 21914 21915 21922 21928 21935 21942 90214R 21944 21949 84534B 21975 21977 79321 21982 21990 21991 21992 21993 22037 22043 84625A 22064 22065 22067 22068 22069 22071 85032D 22075 22076 22077 22080 22081 22082 22083 47593B 22086 22087 22090 22095 84913B 22100 DOT 22107 90200A 22110 22111 22112 22114 22115 84279P 22130 22134 22135 82613D 22141 79030G 22144 22149 84031A 22153 22154 22155 22156 22161 22162 22169 84536B 22174 84913A 17012E 22178 22182 90209B 22185 22189 22190 22195 22196 22197 22198 18098C 22203 22207 22219 82613B 22224 22265 22276 22294 22296 22297 22299 22300 22301 71459 17012D 22309 22310 90200C 22314 22318 22335 22336 22345 22348 84032A 22355 22356 22357 22359 22360 22361 22367 22371 22375 22376 90214J 22378 22379 22380 16236 16237 22383 22384 16238 17129F 22394 22396 22418 22419 85232B 22422 22423 22430 22432 22437 90022 22444 84912B 22451 17012A 22457 90129B 22469 22470 22471 22476 22477 22478 22479 22487 90071 22489 22494 22497 22515 90099 22517 22519
T86: 21134
T87: 22145
T88: 37509
T89: 85226A
T90: 85044
T91: 22659 22663 22551 22555 21916 22557 22174 21917 22310 20914 22835 22837 22713 22466 84970L 21326 22480 22481 22482 79144B 84949 21592 22111 22112 22625 22629 22895 84970S 22900
T92: 20950
T93: 37461
T94: 84670
T95: 20697 22716
T96: 22336 21922 22597 22694 22599 20749 21843 35961
T97: 84352 22785 22786 22278 20616 21258 22667 22666 20749 21259 22794 22795 85232B 22678 22041 22553 22173 22686 22941 21670 22694 21672 22953 22568 22570 21935 21041 22835 82484 46000S 22837 22451 84920 20668 84029E 22592 46000R 22212 22468 22470 22471 85064 22730 22731 84685 84508A 79321 22111 22112 22753 22114 22755 79066K 20963 21479 21098 20972 21485 21486 21363 21495 84029G
T98: 22802
T99: 51014A 51014C 22953 84884A 51014L 22876 22366
T100: 22400 48129 22402 22665 20685 48111 22960 22418 22399 79321 22652 22846 22847
